45 0.325728 0.791003 0.377427 0.283301
41 0.793612 0.272364 0.246864 0.261914
45 0.342607 0.280743 0.555689 0.413423
49 0.837154 0.717947 0.172987 0.122671
49 0.525908 0.554379 0.158783 0.120475
44 0.340521 0.282089 0.545848 0.412496
49 0.669474 0.76323 0.172116 0.13325
49 0.751475 0.611479 0.157896 0.126787
60 0.504688 0.52408 0.990624 0.940798
49 0.598699 0.653717 0.162307 0.12494
49 0.679548 0.508348 0.158321 0.116585
49 0.684512 0.633175 0.498296 0.393057
45 0.325728 0.791003 0.377427 0.283301
41 0.793612 0.272364 0.246864 0.261914
45 0.342607 0.280743 0.555689 0.413423
49 0.837154 0.717947 0.172987 0.122671
49 0.525908 0.554379 0.158783 0.120475
44 0.340521 0.282089 0.545848 0.412496
49 0.669474 0.76323 0.172116 0.13325
49 0.751475 0.611479 0.157896 0.126787
60 0.504688 0.52408 0.990624 0.940798
49 0.598699 0.653717 0.162307 0.12494
49 0.679548 0.508348 0.158321 0.116585
49 0.684512 0.633175 0.498296 0.393057
