45 0.274627 0.332368 0.175706 0.298207
45 0.331127 0.660189 0.221116 0.333571
45 0.407947 0.897905 0.122254 0.180848
45 0.215052 0.845647 0.106548 0.170354
60 0.501966 0.499006 0.996068 0.990503
41 0.881863 0.18086 0.164133 0.221931
45 0.49883 0.206549 0.225072 0.334492
45 0.429328 0.45932 0.112196 0.165864
41 0.215586 0.84621 0.107494 0.170955
45 0.12388 0.657811 0.167875 0.299673
45 0.274627 0.332368 0.175706 0.298207
45 0.331127 0.660189 0.221116 0.333571
45 0.407947 0.897905 0.122254 0.180848
45 0.215052 0.845647 0.106548 0.170354
60 0.501966 0.499006 0.996068 0.990503
41 0.881863 0.18086 0.164133 0.221931
45 0.49883 0.206549 0.225072 0.334492
45 0.429328 0.45932 0.112196 0.165864
41 0.215586 0.84621 0.107494 0.170955
45 0.12388 0.657811 0.167875 0.299673
45 0.274627 0.332368 0.175706 0.298207
45 0.331127 0.660189 0.221116 0.333571
45 0.407947 0.897905 0.122254 0.180848
45 0.215052 0.845647 0.106548 0.170354
60 0.501966 0.499006 0.996068 0.990503
41 0.881863 0.18086 0.164133 0.221931
45 0.49883 0.206549 0.225072 0.334492
45 0.429328 0.45932 0.112196 0.165864
41 0.215586 0.84621 0.107494 0.170955
45 0.12388 0.657811 0.167875 0.299673
45 0.274627 0.332368 0.175706 0.298207
45 0.331127 0.660189 0.221116 0.333571
45 0.407947 0.897905 0.122254 0.180848
45 0.215052 0.845647 0.106548 0.170354
60 0.501966 0.499006 0.996068 0.990503
41 0.881863 0.18086 0.164133 0.221931
45 0.49883 0.206549 0.225072 0.334492
45 0.429328 0.45932 0.112196 0.165864
41 0.215586 0.84621 0.107494 0.170955
45 0.12388 0.657811 0.167875 0.299673
