53 0.679087 0.661001 0.313573 0.440885
60 0.472057 0.489852 0.94067 0.979703
53 0.591832 0.454896 0.799456 0.834681
53 0.448454 0.235271 0.232177 0.373439
53 0.0217357 0.503419 0.0433674 0.359618
53 0.740665 0.441491 0.333468 0.480182
53 0.372479 0.469532 0.357747 0.788124
53 0.679087 0.661001 0.313573 0.440885
60 0.472057 0.489852 0.94067 0.979703
53 0.591832 0.454896 0.799456 0.834681
53 0.448454 0.235271 0.232177 0.373439
53 0.0217357 0.503419 0.0433674 0.359618
53 0.740665 0.441491 0.333468 0.480182
53 0.372479 0.469532 0.357747 0.788124
